X1	X2	X3	X4	X5	X6	Y1	Y2	Y3	Y4	Y5	Y6	Z1	Z2	Z3	Z4	Z5	Z6
0	0	0	0	0	0	0	0	0	0	0	0	0	0	0	1	1	1
1	0	0	0	0	0	0	0	0	0	0	0	0	0	0	1	1	1
1	0	0	0	0	0	1	0	0	0	0	0	1	0	0	1	1	1
1	0	0	1	0	0	1	0	0	0	0	0	1	0	0	1	1	1
1	0	0	1	0	0	1	0	0	1	0	0	1	0	0	0	1	1
1	0	0	1	1	0	1	0	0	1	0	0	1	0	0	0	0	1
1	0	0	1	1	0	1	0	0	1	1	0	1	0	0	0	0	1
1	0	0	1	1	0	1	1	0	1	1	0	1	1	0	0	0	1
1	1	0	1	1	0	1	1	0	1	1	0	1	1	0	0	0	1
1	0	0	1	1	0	1	1	0	1	1	0	1	1	0	0	0	1
1	0	0	1	1	0	0	1	0	1	1	0	0	1	0	0	0	1
0	0	0	1	1	0	0	1	0	1	1	0	0	1	0	0	0	1
0	0	0	1	1	0	0	0	0	1	1	0	0	0	0	0	0	1
0	0	0	0	1	0	0	0	0	1	1	0	0	0	0	1	0	1
0	0	0	0	1	0	0	0	0	0	1	0	0	0	0	1	0	1
0	0	0	0	0	0	0	0	0	0	1	0	0	0	0	1	0	1
0	0	0	0	0	0	0	0	0	0	0	0	0	0	0	1	1	1
