X1	X2	X3	Y1	Y2	Y3	Z1	Z2	Z3
0	0	0	0	0	0	0	0	0
1	0	0	0	0	0	0	0	0
1	1	0	0	0	0	0	1	0
1	1	1	0	0	0	0	1	1
1	1	1	0	0	1	0	1	0
1	1	0	0	0	1	0	1	1
1	1	0	0	0	0	0	1	0
1	0	0	0	0	0	0	0	0
0	0	0	0	0	0	0	0	0
1	0	0	0	0	0	0	0	0
1	0	0	1	0	0	1	0	0
1	0	0	1	1	0	1	1	0
1	0	0	1	1	1	1	1	1
1	0	0	1	1	0	1	1	0
1	0	1	1	1	0	1	1	1
1	1	1	1	1	0	1	1	1
1	1	1	1	1	1	1	1	0
1	1	0	1	1	1	1	1	1
1	0	0	1	1	1	1	1	1
1	0	0	0	1	1	0	1	1
0	0	0	0	1	1	0	1	1
0	0	0	0	0	1	0	0	1
0	0	0	0	0	0	0	0	0
0	0	0	0	1	0	0	1	0
0	0	1	0	1	0	0	1	1
0	0	1	0	1	1	0	1	0
0	1	1	0	1	1	0	1	0
0	1	1	1	1	1	0	1	0
1	1	1	1	1	1	1	1	0
1	0	1	1	1	1	1	1	0
1	0	1	1	0	1	1	0	0
1	0	1	1	0	0	1	0	1
1	0	1	1	0	1	1	0	0
1	0	0	1	0	1	1	0	1
1	0	0	1	1	1	1	1	1
1	0	0	1	0	1	1	0	1
1	0	0	0	0	1	0	0	1
1	1	0	0	0	1	0	1	1
1	1	1	0	0	1	0	1	0
1	1	1	0	1	1	0	1	0
1	1	1	1	1	1	1	1	0
1	0	1	1	1	1	1	1	0
1	0	1	1	0	1	1	0	0
1	0	1	1	0	0	1	0	1
1	0	0	1	0	0	1	0	0
1	0	0	0	0	0	0	0	0
0	0	0	0	0	0	0	0	0
0	0	0	1	0	0	0	0	0
0	1	0	1	0	0	0	1	0
0	0	0	1	0	0	0	0	0
0	0	0	1	1	0	0	1	0
0	0	1	1	1	0	0	1	1
0	0	0	1	1	0	0	1	0
0	1	0	1	1	0	0	1	0
0	1	1	1	1	0	0	1	1
0	1	1	1	1	1	0	1	0
0	1	1	1	1	0	0	1	1
0	1	0	1	1	0	0	1	0
0	1	0	1	0	0	0	1	0
0	0	0	1	0	0	0	0	0
0	1	0	1	0	0	0	1	0
0	0	0	1	0	0	0	0	0
0	0	0	0	0	0	0	0	0
