Clock(510,650)	7 Segment Display(1060,350).Sa	7 Segment Display(1060,350).Sb	7 Segment Display(1060,350).Sc	7 Segment Display(1060,350).Sd	7 Segment Display(1060,350).Se	7 Segment Display(1060,350).Sf	7 Segment Display(1060,350).Sg
0	1	1	1	1	1	1	0
1	1	1	1	0	0	0	0
0	1	1	1	0	0	0	0
1	1	0	1	1	0	1	1
0	1	0	1	1	0	1	1
1	0	1	1	0	0	0	0
0	0	1	1	0	0	0	0
1	1	1	0	1	1	0	1
0	1	1	0	1	1	0	1
1	1	1	1	1	0	0	1
0	1	1	1	1	0	0	1
1	0	1	1	0	0	1	1
0	0	1	1	0	0	1	1
1	1	0	1	1	0	1	1
0	1	0	1	1	0	1	1
1	0	1	1	0	0	0	0
0	0	1	1	0	0	0	0
1	1	1	0	1	1	0	1
0	1	1	0	1	1	0	1
1	1	1	1	1	0	0	1
0	1	1	1	1	0	0	1
1	0	1	1	0	0	1	1
0	0	1	1	0	0	1	1
1	1	0	1	1	0	1	1
0	1	0	1	1	0	1	1
1	0	1	1	0	0	0	0
0	0	1	1	0	0	0	0
1	1	1	0	1	1	0	1
0	1	1	0	1	1	0	1
1	1	1	1	1	0	0	1
0	1	1	1	1	0	0	1
1	0	1	1	0	0	1	1
0	0	1	1	0	0	1	1
1	1	0	1	1	0	1	1
0	1	0	1	1	0	1	1
1	0	1	1	0	0	0	0
0	0	1	1	0	0	0	0
1	1	1	0	1	1	0	1
0	1	1	0	1	1	0	1
1	1	1	1	1	0	0	1
0	1	1	1	1	0	0	1
1	0	1	1	0	0	1	1
0	0	1	1	0	0	1	1
1	1	0	1	1	0	1	1
0	x	x	x	x	x	x	x
0	1	1	1	1	1	1	0
1	1	1	1	0	0	0	0
0	1	1	1	0	0	0	0
1	1	0	1	1	0	1	1
0	1	0	1	1	0	1	1
1	0	1	1	0	0	0	0
0	0	1	1	0	0	0	0
1	1	1	0	1	1	0	1
0	1	1	0	1	1	0	1
1	1	1	1	1	0	0	1
0	1	1	1	1	0	0	1
1	0	1	1	0	0	1	1
0	0	1	1	0	0	1	1
1	1	0	1	1	0	1	1
0	1	0	1	1	0	1	1
1	0	1	1	0	0	0	0
0	0	1	1	0	0	0	0
1	1	1	0	1	1	0	1
0	1	1	0	1	1	0	1
1	1	1	1	1	0	0	1
0	1	1	1	1	0	0	1
