A	B	C	LED = 1	LED = 2	LED = 4	LED = 8	Neg	Output(980,180)	S	S2	V	7-Segment Display(1100,350).Sa	7-Segment Display(1100,350).Sb	7-Segment Display(1100,350).Sc	7-Segment Display(1100,350).Sd	7-Segment Display(1100,350).Se	7-Segment Display(1100,350).Sf	7-Segment Display(1100,350).Sg
0010	0001	0	0	0	0	0	1	0001	11	1	0	0	1	1	0	0	0	0
0000	0001	1	0	0	0	0	0	0001	11	1	0	0	1	1	0	0	0	0
0001	0001	1	0	0	0	0	0	0000	11	1	0	1	1	1	1	1	1	0
0011	0001	0	0	0	0	0	1	0010	11	1	0	1	1	0	1	1	0	1
0111	0001	0	0	0	0	0	1	0110	11	1	0	1	0	1	1	1	1	1
1111	0001	0	0	0	0	0	0	0010	11	1	0	1	1	0	1	1	0	1
1111	0011	0	0	0	0	0	0	0100	11	1	0	0	1	1	0	0	1	1
1111	0111	0	0	0	0	0	1	1000	11	1	1	1	1	1	1	1	1	1
1111	1111	1	0	0	0	0	0	0000	11	1	0	1	1	1	1	1	1	0
1011	1111	1	0	0	0	0	0	0100	11	1	0	0	1	1	0	0	1	1
1011	1101	1	0	0	0	0	0	0010	11	1	0	1	1	0	1	1	0	1
1001	1101	1	0	0	0	0	0	0100	11	1	0	0	1	1	0	0	1	1
1001	1001	1	0	0	0	0	0	0000	11	1	0	1	1	1	1	1	1	0
0001	1001	1	0	0	0	0	1	1000	11	1	0	1	1	1	1	1	1	1
0001	1000	1	0	0	0	0	0	0111	11	1	1	1	1	1	0	0	0	0
0000	1000	1	0	0	0	0	1	1000	11	1	0	1	1	1	1	1	1	1
0000	0000	1	0	0	0	0	0	0000	11	1	0	1	1	1	1	1	1	0
0000	0100	1	0	0	0	0	0	0100	11	1	0	0	1	1	0	0	1	1
0000	0110	1	0	0	0	0	0	0110	11	1	0	1	0	1	1	1	1	1
0000	0111	1	0	0	0	0	0	0111	11	1	0	1	1	1	0	0	0	0
A	B	F	C	V	S1 S0	Neg	7-Segment Display(1100,350).Sa	7-Segment Display(1100,350).Sb	7-Segment Display(1100,350).Sc	7-Segment Display(1100,350).Sd	7-Segment Display(1100,350).Se	7-Segment Display(1100,350).Sf	7-Segment Display(1100,350).Sg	LED = 1	LED = 2	LED = 4	LED = 8
0	7	7	1	0	11	0	1	1	1	0	0	0	0	0	0	0	0
8	7	1	0	1	11	1	0	1	1	0	0	0	0	0	0	0	0
12	7	5	0	1	11	1	1	0	1	1	0	1	1	0	0	0	0
14	7	7	0	1	11	1	1	1	1	0	0	0	0	0	0	0	0
15	7	8	0	1	11	1	1	1	1	1	1	1	1	0	0	0	0
13	7	6	0	1	11	1	1	0	1	1	1	1	1	0	0	0	0
9	7	2	0	1	11	1	1	1	0	1	1	0	1	0	0	0	0
1	7	6	1	0	11	0	1	0	1	1	1	1	1	0	0	0	0
9	7	2	0	1	11	1	1	1	0	1	1	0	1	0	0	0	0
9	5	4	0	1	11	1	0	1	1	0	0	1	1	0	0	0	0
9	7	2	0	1	11	1	1	1	0	1	1	0	1	0	0	0	0
9	3	6	0	1	11	1	1	0	1	1	1	1	1	0	0	0	0
9	7	2	0	1	11	1	1	1	0	1	1	0	1	0	0	0	0
9	5	4	0	1	11	1	0	1	1	0	0	1	1	0	0	0	0
9	4	5	0	1	11	1	1	0	1	1	0	1	1	0	0	0	0
9	12	3	1	0	11	0	1	1	1	1	0	0	1	0	0	0	0
9	14	5	1	0	11	0	1	0	1	1	0	1	1	0	0	0	0
9	15	6	1	0	11	0	1	0	1	1	1	1	1	0	0	0	0
9	13	4	1	0	11	0	0	1	1	0	0	1	1	0	0	0	0
9	9	0	1	0	11	0	1	1	1	1	1	1	0	0	0	0	0
9	1	8	0	1	11	1	1	1	1	1	1	1	1	0	0	0	0
9	0	7	0	0	11	0	1	1	1	0	0	0	0	0	0	0	0
13	0	3	0	0	11	0	1	1	1	1	0	0	1	0	0	0	0
15	0	1	0	0	11	0	0	1	1	0	0	0	0	0	0	0	0
14	0	2	0	0	11	0	1	1	0	1	1	0	1	0	0	0	0
12	0	4	0	0	11	0	0	1	1	0	0	1	1	0	0	0	0
8	0	8	0	1	11	1	1	1	1	1	1	1	1	0	0	0	0
12	0	4	0	0	11	0	0	1	1	0	0	1	1	0	0	0	0
4	0	4	0	0	11	1	0	1	1	0	0	1	1	0	0	0	0
12	0	4	0	0	11	0	0	1	1	0	0	1	1	0	0	0	0
8	0	8	0	1	11	1	1	1	1	1	1	1	1	0	0	0	0
0	0	0	1	0	11	0	1	1	1	1	1	1	0	0	0	0	0
0	0	0	0	0	01	0	1	1	1	1	1	1	0	0	0	0	0
0	0	1	0	0	00	0	0	1	1	0	0	0	0	0	0	0	0
8	0	7	0	0	00	1	1	1	1	0	0	0	0	0	0	0	0
10	0	5	0	0	00	1	1	0	1	1	0	1	1	0	0	0	0
11	0	4	0	0	00	1	0	1	1	0	0	1	1	0	0	0	0
15	0	0	1	0	00	0	1	1	1	1	1	1	0	0	0	0	0
15	4	0	1	0	00	0	1	1	1	1	1	1	0	0	0	0	0
15	6	0	1	0	00	0	1	1	1	1	1	1	0	0	0	0	0
15	7	0	1	0	00	0	1	1	1	1	1	1	0	0	0	0	0
15	15	0	1	0	00	0	1	1	1	1	1	1	0	0	0	0	0
15	11	0	1	0	00	0	1	1	1	1	1	1	0	0	0	0	0
15	9	0	1	0	00	0	1	1	1	1	1	1	0	0	0	0	0
15	8	0	1	0	00	0	1	1	1	1	1	1	0	0	0	0	0
7	8	8	0	1	00	1	1	1	1	1	1	1	1	0	0	0	0
5	8	6	0	0	00	0	1	0	1	1	1	1	1	0	0	0	0
1	8	2	0	0	00	0	1	1	0	1	1	0	1	0	0	0	0
0	8	1	0	0	00	0	0	1	1	0	0	0	0	0	0	0	0
0	0	1	0	0	00	0	0	1	1	0	0	0	0	0	0	0	0
0	0	0	0	0	01	0	1	1	1	1	1	1	0	0	0	0	0
2	0	2	0	0	01	0	1	1	0	1	1	0	1	0	0	0	0
6	0	6	0	0	01	0	1	0	1	1	1	1	1	0	0	0	0
14	0	2	0	0	01	1	1	1	0	1	1	0	1	0	0	0	0
15	0	1	0	0	01	1	0	1	1	0	0	0	0	0	0	0	0
11	0	5	0	0	01	1	1	0	1	1	0	1	1	0	0	0	0
15	0	1	0	0	01	1	0	1	1	0	0	0	0	0	0	0	0
13	0	3	0	0	01	1	1	1	1	1	0	0	1	0	0	0	0
12	0	4	0	0	01	1	0	1	1	0	0	1	1	0	0	0	0
12	1	3	0	0	01	1	1	1	1	1	0	0	1	0	0	0	0
12	3	1	0	0	01	1	0	1	1	0	0	0	0	0	0	0	0
12	7	3	1	0	01	0	1	1	1	1	0	0	1	0	0	0	0
12	15	5	1	0	01	1	1	0	1	1	0	1	1	0	0	0	0
12	13	7	1	0	01	1	1	1	1	0	0	0	0	0	0	0	0
12	12	8	1	0	01	1	1	1	1	1	1	1	1	0	0	0	0
12	8	4	1	1	01	0	0	1	1	0	0	1	1	0	0	0	0
12	0	4	0	0	01	1	0	1	1	0	0	1	1	0	0	0	0
4	0	4	0	0	01	0	0	1	1	0	0	1	1	0	0	0	0
0	0	0	0	0	01	0	1	1	1	1	1	1	0	0	0	0	0
0	0	0	1	0	11	0	1	1	1	1	1	1	0	0	0	0	0
0	0	0	1	0	10	0	1	1	1	1	1	1	0	0	0	0	0
4	0	4	1	0	10	0	0	1	1	0	0	1	1	0	0	0	0
12	0	4	1	0	10	1	0	1	1	0	0	1	1	0	0	0	0
13	0	3	1	0	10	1	1	1	1	1	0	0	1	0	0	0	0
15	0	1	1	0	10	1	0	1	1	0	0	0	0	0	0	0	0
15	1	2	1	0	10	1	1	1	0	1	1	0	1	0	0	0	0
15	3	4	1	0	10	1	0	1	1	0	0	1	1	0	0	0	0
15	7	8	1	0	10	1	1	1	1	1	1	1	1	0	0	0	0
15	15	0	1	0	10	0	1	1	1	1	1	1	0	0	0	0	0
15	11	4	1	0	10	0	0	1	1	0	0	1	1	0	0	0	0
15	9	6	1	0	10	0	1	0	1	1	1	1	1	0	0	0	0
15	8	7	1	0	10	0	1	1	1	0	0	0	0	0	0	0	0
15	0	1	1	0	10	1	0	1	1	0	0	0	0	0	0	0	0
13	0	3	1	0	10	1	1	1	1	1	0	0	1	0	0	0	0
12	0	4	1	0	10	1	0	1	1	0	0	1	1	0	0	0	0
4	0	4	1	0	10	0	0	1	1	0	0	1	1	0	0	0	0
0	0	0	1	0	10	0	1	1	1	1	1	1	0	0	0	0	0
0	4	4	0	0	10	1	0	1	1	0	0	1	1	0	0	0	0
0	6	6	0	0	10	1	1	0	1	1	1	1	1	0	0	0	0
0	4	4	0	0	10	1	0	1	1	0	0	1	1	0	0	0	0
0	5	5	0	0	10	1	1	0	1	1	0	1	1	0	0	0	0
0	4	4	0	0	10	1	0	1	1	0	0	1	1	0	0	0	0
0	0	0	1	0	10	0	1	1	1	1	1	1	0	0	0	0	0
1	0	1	1	0	10	0	0	1	1	0	0	0	0	0	0	0	0
0	0	0	1	0	10	0	1	1	1	1	1	1	0	0	0	0	0
0	1	1	0	0	10	1	0	1	1	0	0	0	0	0	0	0	0
1	1	0	1	0	10	0	1	1	1	1	1	1	0	0	0	0	0
1	0	1	1	0	10	0	0	1	1	0	0	0	0	0	0	0	0
0	0	0	1	0	10	0	1	1	1	1	1	1	0	0	0	0	0
1	0	1	1	0	10	0	0	1	1	0	0	0	0	0	0	0	0
1	1	0	1	0	10	0	1	1	1	1	1	1	0	0	0	0	0
0	1	1	0	0	10	1	0	1	1	0	0	0	0	0	0	0	0
0	0	0	1	0	10	0	1	1	1	1	1	1	0	0	0	0	0
0	0	1	0	0	00	0	0	1	1	0	0	0	0	0	0	0	0
0	1	1	0	0	00	0	0	1	1	0	0	0	0	0	0	0	0
1	1	2	0	0	00	0	1	1	0	1	1	0	1	0	0	0	0
1	1	1	0	0	00	0	1	1	1	1	1	1	0	0	0	0	1
3	1	1	0	0	00	0	1	1	1	1	1	1	0	0	0	0	1
3	3	3	0	0	00	0	1	1	1	1	1	1	0	0	0	1	1
3	7	3	0	0	00	0	1	1	1	1	1	1	0	0	0	1	1
7	7	7	0	1	00	0	1	1	1	1	1	1	0	0	1	1	1
7	5	5	0	1	00	0	1	1	1	1	1	1	0	0	1	0	1
7	1	1	0	1	00	0	1	1	1	1	1	1	0	0	0	0	1
7	0	0	0	1	00	0	1	1	1	1	1	1	0	0	0	0	0
6	0	0	0	0	00	0	1	1	1	1	1	1	0	0	0	0	0
4	0	0	0	0	00	0	1	1	1	1	1	1	0	0	0	0	0
0	0	0	0	0	00	0	1	1	1	1	1	1	0	0	0	0	0
0	0	0	0	0	01	0	1	1	1	1	1	1	0	0	0	0	0
2	0	2	0	0	01	0	1	1	1	1	1	1	0	0	0	1	0
2	1	3	0	0	01	0	1	1	1	1	1	1	0	0	0	1	1
2	5	7	0	0	01	0	1	1	1	1	1	1	0	0	1	1	1
10	5	1	0	0	01	1	1	1	1	1	1	1	0	0	0	0	1
10	7	1	1	0	01	1	1	1	1	1	1	1	0	0	0	0	1
10	15	1	1	0	01	1	1	1	1	1	1	1	0	0	0	0	1
14	15	1	1	0	01	1	1	1	1	1	1	1	0	0	0	0	1
15	15	1	1	0	01	1	1	1	1	1	1	1	0	0	0	0	1
14	15	1	1	0	01	1	1	1	1	1	1	1	0	0	0	0	1
12	15	1	1	0	01	1	1	1	1	1	1	1	0	0	0	0	1
8	15	1	1	1	01	1	1	1	1	1	1	1	0	0	0	0	1
0	15	1	0	0	01	1	1	1	1	1	1	1	0	0	0	0	1
0	14	2	0	0	01	1	1	1	1	1	1	1	0	0	0	1	0
0	10	6	0	0	01	1	1	1	1	1	1	1	0	0	1	1	0
0	2	2	0	0	01	0	1	1	1	1	1	1	0	0	0	1	0
0	0	0	0	0	01	0	1	1	1	1	1	1	0	0	0	0	0
0	2	2	0	0	01	0	1	1	1	1	1	1	0	0	0	1	0
0	3	3	0	0	01	0	1	1	1	1	1	1	0	0	0	1	1
0	7	7	0	0	01	0	1	1	1	1	1	1	0	0	1	1	1
0	15	1	0	0	01	1	1	1	1	1	1	1	0	0	0	0	1
0	7	7	0	0	01	0	1	1	1	1	1	1	0	0	1	1	1
0	3	3	0	0	01	0	1	1	1	1	1	1	0	0	0	1	1
0	1	1	0	0	01	0	1	1	1	1	1	1	0	0	0	0	1
0	0	0	0	0	01	0	1	1	1	1	1	1	0	0	0	0	0
0	2	2	0	0	01	0	1	1	1	1	1	1	0	0	0	1	0
2	2	2	0	0	01	0	1	1	1	1	1	1	0	0	0	1	0
3	2	3	0	0	01	0	1	1	1	1	1	1	0	0	0	1	1
7	2	7	0	1	01	0	1	1	1	1	1	1	0	0	1	1	1
15	2	1	1	0	01	1	1	1	1	1	1	1	0	0	0	0	1
15	2	1	1	0	01	1	1	1	1	1	1	1	0	0	0	0	0
15	2	Error	1	0	01	E	1	1	1	1	1	1	0	0	0	0	0
15	2	1	1	0	01	1	1	1	1	1	1	1	0	0	0	0	0
15	2	1	1	0	01	1	1	1	1	1	1	1	0	1	1	1	1
13	2	1	0	0	01	1	1	1	1	1	1	1	0	1	1	1	1
9	2	5	0	0	01	1	1	1	1	1	1	1	0	1	0	1	1
1	2	3	0	0	01	0	1	1	1	1	1	1	0	0	0	1	1
5	2	7	0	0	01	0	1	1	1	1	1	1	0	0	1	1	1
5	10	1	0	0	01	1	1	1	1	1	1	1	0	1	1	1	1
5	2	7	0	0	01	0	1	1	1	1	1	1	0	0	1	1	1
1	2	3	0	0	01	0	1	1	1	1	1	1	0	0	0	1	1
0	2	2	0	0	01	0	1	1	1	1	1	1	0	0	0	1	0
0	2	0	0	0	00	0	1	1	1	1	1	1	0	0	0	0	0
0	2	2	0	0	10	0	1	1	1	1	1	1	0	0	0	1	0
0	0	0	1	0	10	0	1	1	1	1	1	1	0	0	0	0	0
0	4	4	0	0	10	0	1	1	1	1	1	1	0	0	1	0	0
0	6	6	0	0	10	0	1	1	1	1	1	1	0	0	1	1	0
1	6	7	0	0	10	0	1	1	1	1	1	1	0	0	1	1	1
9	6	1	1	1	10	1	1	1	1	1	1	1	0	1	1	1	1
1	6	7	0	0	10	0	1	1	1	1	1	1	0	0	1	1	1
0	6	6	0	0	10	0	1	1	1	1	1	1	0	0	1	1	0
0	7	7	0	0	10	0	1	1	1	1	1	1	0	0	1	1	1
0	5	5	0	0	10	0	1	1	1	1	1	1	0	0	1	0	1
0	1	1	0	0	10	0	1	1	1	1	1	1	0	0	0	0	1
0	0	0	1	0	10	0	1	1	1	1	1	1	0	0	0	0	0
0	0	0	0	0	00	0	1	1	1	1	1	1	0	0	0	0	0
0	0	0	1	0	10	0	1	1	1	1	1	1	0	0	0	0	0
0	0	1	1	0	11	1	1	1	1	1	1	1	0	1	1	1	1
1	0	2	0	0	11	1	1	1	1	1	1	1	0	1	1	1	0
5	0	6	0	0	11	1	1	1	1	1	1	1	0	1	0	1	0
7	0	8	0	0	11	1	1	1	1	1	1	1	0	1	0	0	0
15	0	0	0	0	11	0	1	1	1	1	1	1	0	0	0	0	0
15	1	1	0	0	11	0	1	1	1	1	1	1	0	0	0	0	1
15	3	3	0	0	11	0	1	1	1	1	1	1	0	0	0	1	1
15	1	1	0	0	11	0	1	1	1	1	1	1	0	0	0	0	1
15	1	1	1	0	01	1	1	1	1	1	1	1	0	1	1	1	1
15	1	1	1	0	00	0	1	1	1	1	1	1	0	0	0	0	1
15	1	0	1	0	00	0	1	1	1	1	1	1	0	0	0	0	1
7	1	8	0	1	00	1	1	1	1	1	1	1	1	0	0	0	1
3	1	4	0	0	00	0	0	1	1	0	0	1	1	0	0	0	1
1	1	2	0	0	00	0	1	1	0	1	1	0	1	0	0	0	1
3	1	4	0	0	00	0	0	1	1	0	0	1	1	0	0	0	1
7	1	8	0	1	00	1	1	1	1	1	1	1	1	0	0	0	1
3	1	4	0	0	00	0	0	1	1	0	0	1	1	0	0	0	1
1	1	2	0	0	00	0	1	1	0	1	1	0	1	0	0	0	1
0	1	1	0	0	00	0	0	1	1	0	0	0	0	0	0	0	0
0	1	1	0	0	01	0	0	1	1	0	0	0	0	0	0	0	1
2	1	3	0	0	01	0	1	1	1	1	0	0	1	0	0	1	1
3	1	4	0	0	01	0	0	1	1	0	0	1	1	0	0	1	1
3	0	3	0	0	01	0	1	1	1	1	0	0	1	0	0	1	1
3	2	5	0	0	01	0	1	0	1	1	0	1	1	0	0	1	1
3	3	6	0	0	01	0	1	0	1	1	1	1	1	0	0	1	1
3	3	4	0	0	00	0	0	1	1	0	0	1	1	0	0	1	1
3	3	0	1	0	10	0	1	1	1	1	1	1	0	0	0	0	0
3	1	2	1	0	10	0	1	1	0	1	1	0	1	0	0	1	0
3	0	3	1	0	10	0	1	1	1	1	0	0	1	0	0	1	1
3	4	1	0	0	10	1	0	1	1	0	0	0	0	0	1	1	1
3	5	2	0	0	10	1	1	1	0	1	1	0	1	0	1	1	0
3	5	2	1	0	11	0	1	1	0	1	1	0	1	1	0	0	1
1	5	4	1	0	11	0	0	1	1	0	0	1	1	1	0	1	1
3	5	2	1	0	11	0	1	1	0	1	1	0	1	1	0	0	1
7	5	2	0	0	11	1	1	1	0	1	1	0	1	1	1	0	1
